geolocation: Sweden
uuid: fc05c1fa-8353-4f14-b4f8-827b841a66ac
timestamps:
  login: 1543865860776
  logout: 1543864075376
  lastteleport: 1543858321892
ipAddress: 89.236.36.123
logoutlocation:
  world: Universe
  x: -1281.1850931996316
  y: 70.0
  z: 1083.0878685037762
  yaw: -219.87517
  pitch: 56.10599
lastlocation:
  world: Universe
  x: 0.5
  y: 63.0
  z: 1.5
  yaw: -180.90454
  pitch: -2.6998692
afk: false
