geolocation: Sweden
uuid: fc05c1fa-8353-4f14-b4f8-827b841a66ac
timestamps:
  login: 1543863599094
  logout: 1543863591572
  lastteleport: 1543858321892
ipAddress: 89.236.36.123
logoutlocation:
  world: Universe
  x: -1280.407661528788
  y: 70.37798836680138
  z: 1082.2187068803712
  yaw: -272.35794
  pitch: 27.840523
lastlocation:
  world: Universe
  x: 0.5
  y: 63.0
  z: 1.5
  yaw: -180.90454
  pitch: -2.6998692
afk: false
