geolocation: Sweden
uuid: fc05c1fa-8353-4f14-b4f8-827b841a66ac
timestamps:
  login: 1543858298363
  logout: 1543855885043
  lastteleport: 1543858321892
ipAddress: 89.236.36.123
logoutlocation:
  world: Universe
  x: -1477.8265232363524
  y: 76.23944873045822
  z: 1029.871056241107
  yaw: -262.4957
  pitch: 9.4121895
lastlocation:
  world: Universe
  x: 0.5
  y: 63.0
  z: 1.5
  yaw: -180.90454
  pitch: -2.6998692
