geolocation: Sweden
uuid: fc05c1fa-8353-4f14-b4f8-827b841a66ac
timestamps:
  login: 1543860507995
  logout: 1543859872909
  lastteleport: 1543858321892
ipAddress: 89.236.36.123
logoutlocation:
  world: Universe
  x: -1285.692840240121
  y: 73.30811590168744
  z: 1077.3611037413298
  yaw: 4.499634
  pitch: 61.36653
lastlocation:
  world: Universe
  x: 0.5
  y: 63.0
  z: 1.5
  yaw: -180.90454
  pitch: -2.6998692
afk: false
