geolocation: Portugal
uuid: cd37089d-0990-4d13-a252-c364ba0fee6a
timestamps:
  login: 1544635967424
  lastteleport: 1544630143359
  logout: 1544631549033
ipAddress: 188.250.28.161
lastlocation:
  world: Universe
  x: -276.2473021779211
  y: 58.0
  z: -133.02914374991795
  yaw: -254.40234
  pitch: 29.24997
money: '323.25'
homes:
  home:
    world: Universe
    x: -282.048108035202
    y: 67.0
    z: -135.52783618108285
    yaw: -176.55188
    pitch: 19.200037
  test:
    world: Universe
    x: -276.1352132153276
    y: 58.0
    z: -139.65765633782823
    yaw: 351.59796
    pitch: 18.450062
  ender:
    world: DIM1
    x: 9.062535439664352
    y: 66.0
    z: -22.299838142349078
    yaw: 215.3396
    pitch: 28.35002
logoutlocation:
  world: Universe
  x: -277.23750001192093
  y: 67.0
  z: -139.25507972163427
  yaw: -165.30167
  pitch: 22.949987
