geolocation: Portugal
uuid: cd37089d-0990-4d13-a252-c364ba0fee6a
timestamps:
  login: 1544400674202
  lastteleport: 1544401545306
  logout: 1544399324071
ipAddress: 188.250.28.161
lastlocation:
  world: Universe
  x: -278.43012149956024
  y: 67.0
  z: -138.67200290849672
  yaw: -99.00193
  pitch: 1.6500322
money: '323.25'
homes:
  home:
    world: Universe
    x: -280.0225619028108
    y: 67.0
    z: -136.56598649066606
    yaw: -176.10193
    pitch: 7.650032
logoutlocation:
  world: Universe
  x: -274.5257212765351
  y: 67.0
  z: -138.46109498228142
  yaw: -87.75159
  pitch: 34.350044
