geolocation: Portugal
uuid: cd37089d-0990-4d13-a252-c364ba0fee6a
timestamps:
  login: 1544568484353
  lastteleport: 1544575999194
  logout: 1544567973952
ipAddress: 188.250.28.161
lastlocation:
  world: Universe
  x: -284.4625010562875
  y: 48.0
  z: -142.23755544452814
  yaw: -247.05133
  pitch: -38.100056
money: '323.25'
homes:
  home:
    world: Universe
    x: -282.048108035202
    y: 67.0
    z: -135.52783618108285
    yaw: -176.55188
    pitch: 19.200037
  test:
    world: Universe
    x: -276.1352132153276
    y: 58.0
    z: -139.65765633782823
    yaw: 351.59796
    pitch: 18.450062
  ender:
    world: DIM1
    x: 9.062535439664352
    y: 66.0
    z: -22.299838142349078
    yaw: 215.3396
    pitch: 28.35002
logoutlocation:
  world: Universe
  x: -274.3114794397484
  y: 58.0
  z: -133.0000583997432
  yaw: -355.354
  pitch: 15.150005
