geolocation: Portugal
uuid: cd37089d-0990-4d13-a252-c364ba0fee6a
timestamps:
  login: 1544742832111
  lastteleport: 1544745226339
  logout: 1544736254718
ipAddress: 188.250.28.161
lastlocation:
  world: DIM-1
  x: -62.152255326665426
  y: 63.875
  z: 5.367815593661383
  yaw: 43.493317
  pitch: 40.050026
money: '323.25'
homes:
  home:
    world: Universe
    x: -281.40876787879625
    y: 58.0
    z: -140.54134833574008
    yaw: 182.99435
    pitch: 81.300095
  test:
    world: Universe
    x: -276.1352132153276
    y: 58.0
    z: -139.65765633782823
    yaw: 351.59796
    pitch: 18.450062
  ender:
    world: DIM1
    x: 9.062535439664352
    y: 66.0
    z: -22.299838142349078
    yaw: 215.3396
    pitch: 28.35002
  desert:
    world: Universe
    x: 206.02929075826643
    y: 74.0
    z: 1612.2420488742139
    yaw: -167.93689
    pitch: 28.462212
logoutlocation:
  world: Universe
  x: -281.53876143566714
  y: 58.0
  z: -139.3322882680604
  yaw: -181.35458
  pitch: 7.5000525
