geolocation: Portugal
uuid: cd37089d-0990-4d13-a252-c364ba0fee6a
timestamps:
  login: 1544129119644
  lastteleport: 1543964250402
  logout: 1544131938022
ipAddress: 188.250.28.161
lastlocation:
  world: Universe
  x: -272.9413283895191
  y: 55.0
  z: -155.31976608510803
  yaw: 341.85327
  pitch: -9.000011
money: '292.0'
homes:
  home:
    world: Universe
    x: -280.0225619028108
    y: 67.0
    z: -136.56598649066606
    yaw: -176.10193
    pitch: 7.650032
logoutlocation:
  world: Universe
  x: -276.36629906625893
  y: 67.0
  z: -140.03518569327488
  yaw: -185.69727
  pitch: 20.100111
