geolocation: Portugal
uuid: cd37089d-0990-4d13-a252-c364ba0fee6a
timestamps:
  login: 1544640025252
  lastteleport: 1544650624798
  logout: 1544650663768
ipAddress: 188.250.28.161
lastlocation:
  world: DIM-1
  x: -378.73109300628954
  y: 87.0
  z: 71.5675625096008
  yaw: -305.678
  pitch: -87.205124
money: '323.25'
homes:
  home:
    world: Universe
    x: -280.9966289275824
    y: 58.0
    z: -140.22691214035194
    yaw: 178.34435
    pitch: 3.9000957
  test:
    world: Universe
    x: -276.1352132153276
    y: 58.0
    z: -139.65765633782823
    yaw: 351.59796
    pitch: 18.450062
  ender:
    world: DIM1
    x: 9.062535439664352
    y: 66.0
    z: -22.299838142349078
    yaw: 215.3396
    pitch: 28.35002
logoutlocation:
  world: Universe
  x: -282.25935518625636
  y: 58.0
  z: -136.0221553631739
  yaw: 1.4943044
  pitch: 16.650097
