geolocation: Portugal
uuid: cd37089d-0990-4d13-a252-c364ba0fee6a
timestamps:
  login: 1544282248824
  lastteleport: 1544288196375
  logout: 1544232697477
ipAddress: 188.250.28.161
lastlocation:
  world: Universe
  x: -278.4871978284406
  y: 67.0
  z: -138.12538258480802
  yaw: -116.85191
  pitch: -34.79997
money: '337.25'
homes:
  home:
    world: Universe
    x: -280.0225619028108
    y: 67.0
    z: -136.56598649066606
    yaw: -176.10193
    pitch: 7.650032
logoutlocation:
  world: Universe
  x: -279.4833919698341
  y: 67.0
  z: -137.7919560852788
  yaw: -0.0017700195
  pitch: 6.000042
