geolocation: Portugal
uuid: cd37089d-0990-4d13-a252-c364ba0fee6a
timestamps:
  login: 1544377427834
  lastteleport: 1544385586650
  logout: 1544301680958
ipAddress: 188.250.28.161
lastlocation:
  world: Universe
  x: -283.0281527902795
  y: 67.0
  z: -132.38866921317074
  yaw: 105.74796
  pitch: 40.500027
money: '323.25'
homes:
  home:
    world: Universe
    x: -280.0225619028108
    y: 67.0
    z: -136.56598649066606
    yaw: -176.10193
    pitch: 7.650032
logoutlocation:
  world: Universe
  x: -211.45124563850612
  y: 9.0
  z: -136.48397019174845
  yaw: -47.251198
  pitch: 19.200012
