geolocation: Portugal
uuid: cd37089d-0990-4d13-a252-c364ba0fee6a
timestamps:
  login: 1544216258078
  lastteleport: 1544218485135
  logout: 1544218858930
ipAddress: 188.250.28.161
lastlocation:
  world: Universe
  x: -349.30345978784146
  y: 62.0
  z: -17.196005436980567
  yaw: 310.34836
  pitch: 53.399982
money: '292.0'
homes:
  home:
    world: Universe
    x: -280.0225619028108
    y: 67.0
    z: -136.56598649066606
    yaw: -176.10193
    pitch: 7.650032
logoutlocation:
  world: Universe
  x: -275.48134123257654
  y: 67.0
  z: -138.20582278051052
  yaw: -265.50168
  pitch: 6.3
