geolocation: Portugal
uuid: cd37089d-0990-4d13-a252-c364ba0fee6a
timestamps:
  login: 1544887128028
  lastteleport: 1544880633176
  logout: 1544888203500
ipAddress: 188.250.28.161
lastlocation:
  world: DIM-1
  x: -10.450997690670157
  y: 12.0
  z: -72.66339975154278
  yaw: 316.47128
  pitch: 25.61064
money: '323.25'
homes:
  home:
    world: Universe
    x: -281.40876787879625
    y: 58.0
    z: -140.54134833574008
    yaw: 182.99435
    pitch: 81.300095
  test:
    world: Universe
    x: -276.1352132153276
    y: 58.0
    z: -139.65765633782823
    yaw: 351.59796
    pitch: 18.450062
  ender:
    world: DIM1
    x: 9.062535439664352
    y: 66.0
    z: -22.299838142349078
    yaw: 215.3396
    pitch: 28.35002
  desert:
    world: Universe
    x: 206.02929075826643
    y: 74.0
    z: 1612.2420488742139
    yaw: -167.93689
    pitch: 28.462212
logoutlocation:
  world: Universe
  x: -282.3837163758023
  y: 58.875
  z: -139.23117672325782
  yaw: 12.294701
  pitch: 0.45000425
