geolocation: Portugal
uuid: cd37089d-0990-4d13-a252-c364ba0fee6a
timestamps:
  login: 1544297716541
  lastteleport: 1544299131847
  logout: 1544294628976
ipAddress: 188.250.28.161
lastlocation:
  world: Universe
  x: -686.4344820478684
  y: 65.0
  z: -336.08353858400284
  yaw: 202.50194
  pitch: 42.59999
money: '330.25'
homes:
  home:
    world: Universe
    x: -280.0225619028108
    y: 67.0
    z: -136.56598649066606
    yaw: -176.10193
    pitch: 7.650032
logoutlocation:
  world: Universe
  x: -279.8075599185315
  y: 67.0
  z: -137.94512715337743
  yaw: -171.30493
  pitch: 12.749931
