geolocation: Portugal
uuid: cd37089d-0990-4d13-a252-c364ba0fee6a
timestamps:
  login: 1544481094640
  lastteleport: 1544481290780
  logout: 1544481754939
ipAddress: 188.250.28.161
lastlocation:
  world: Universe
  x: -283.30000001192093
  y: 65.0
  z: -139.30000001192093
  yaw: -269.40186
  pitch: 15.3000345
money: '323.25'
homes:
  home:
    world: Universe
    x: -280.0225619028108
    y: 67.0
    z: -136.56598649066606
    yaw: -176.10193
    pitch: 7.650032
logoutlocation:
  world: Universe
  x: -281.2341689451516
  y: 67.0
  z: -134.23305109342536
  yaw: -207.00174
  pitch: -25.649948
