geolocation: Portugal
uuid: cd37089d-0990-4d13-a252-c364ba0fee6a
timestamps:
  login: 1544223273578
  lastteleport: 1544226233569
  logout: 1544218858930
ipAddress: 188.250.28.161
lastlocation:
  world: Universe
  x: -902.1777027200262
  y: 90.0
  z: 795.6687803288942
  yaw: -2.4007223
  pitch: 68.24997
money: '344.25'
homes:
  home:
    world: Universe
    x: -280.0225619028108
    y: 67.0
    z: -136.56598649066606
    yaw: -176.10193
    pitch: 7.650032
logoutlocation:
  world: Universe
  x: -275.48134123257654
  y: 67.0
  z: -138.20582278051052
  yaw: -265.50168
  pitch: 6.3
