geolocation: Portugal
uuid: cd37089d-0990-4d13-a252-c364ba0fee6a
timestamps:
  login: 1544556702585
  lastteleport: 1544559138500
  logout: 1544556676109
ipAddress: 188.250.28.161
lastlocation:
  world: Universe
  x: -282.0391169541836
  y: 67.0
  z: -137.3381449784609
  yaw: -91.801926
  pitch: -43.799976
money: '323.25'
homes:
  home:
    world: Universe
    x: -280.0225619028108
    y: 67.0
    z: -136.56598649066606
    yaw: -176.10193
    pitch: 7.650032
logoutlocation:
  world: Universe
  x: -280.5
  y: 68.0
  z: -136.5
  yaw: -176.10193
  pitch: 7.650032
