geolocation: Portugal
uuid: cd37089d-0990-4d13-a252-c364ba0fee6a
timestamps:
  login: 1544466788315
  lastteleport: 1544470034801
  logout: 1544470651620
ipAddress: 188.250.28.161
lastlocation:
  world: Universe
  x: -281.0974695150745
  y: 67.0
  z: -138.52539612895632
  yaw: -111.45193
  pitch: 9.7500305
money: '323.25'
homes:
  home:
    world: Universe
    x: -280.0225619028108
    y: 67.0
    z: -136.56598649066606
    yaw: -176.10193
    pitch: 7.650032
logoutlocation:
  world: Universe
  x: -281.7610932789332
  y: 67.0
  z: -138.64388213828914
  yaw: 190.19865
  pitch: 17.249922
