geolocation: Portugal
uuid: cd37089d-0990-4d13-a252-c364ba0fee6a
timestamps:
  login: 1545148890111
  lastteleport: 1545158013654
  logout: 1545158098194
ipAddress: 188.250.28.161
lastlocation:
  world: Universe
  x: -282.24341055799937
  y: 80.35459165594723
  z: -129.05604945907336
  yaw: 178.0444
  pitch: 19.350004
money: '318.25'
homes:
  home:
    world: Universe
    x: -281.40876787879625
    y: 58.0
    z: -140.54134833574008
    yaw: 182.99435
    pitch: 81.300095
  test:
    world: Universe
    x: -276.1352132153276
    y: 58.0
    z: -139.65765633782823
    yaw: 351.59796
    pitch: 18.450062
  ender:
    world: DIM1
    x: 9.062535439664352
    y: 66.0
    z: -22.299838142349078
    yaw: 215.3396
    pitch: 28.35002
  desert:
    world: Universe
    x: 206.02929075826643
    y: 74.0
    z: 1612.2420488742139
    yaw: -167.93689
    pitch: 28.462212
logoutlocation:
  world: Universe
  x: -281.4227170805862
  y: 58.0
  z: -139.76843517856852
  yaw: 181.0437
  pitch: -9.599894
