geolocation: Portugal
uuid: cd37089d-0990-4d13-a252-c364ba0fee6a
timestamps:
  login: 1544377427834
  lastteleport: 1544390064397
  logout: 1544390327855
ipAddress: 188.250.28.161
lastlocation:
  world: Universe
  x: -278.3812773350842
  y: 67.0
  z: -138.22700219419542
  yaw: -100.35194
  pitch: 23.85003
money: '323.25'
homes:
  home:
    world: Universe
    x: -280.0225619028108
    y: 67.0
    z: -136.56598649066606
    yaw: -176.10193
    pitch: 7.650032
logoutlocation:
  world: Universe
  x: -283.479612385075
  y: 1.0
  z: -133.63477744179968
  yaw: -91.20148
  pitch: -48.899994
