geolocation: Portugal
uuid: cd37089d-0990-4d13-a252-c364ba0fee6a
timestamps:
  login: 1544640025252
  lastteleport: 1544639578675
  logout: 1544640011351
ipAddress: 188.250.28.161
lastlocation:
  world: Universe
  x: -278.94353778318674
  y: 70.36933695946747
  z: -133.85535631007178
  yaw: -149.40567
  pitch: 38.250088
money: '323.25'
homes:
  home:
    world: Universe
    x: -280.9966289275824
    y: 58.0
    z: -140.22691214035194
    yaw: 178.34435
    pitch: 3.9000957
  test:
    world: Universe
    x: -276.1352132153276
    y: 58.0
    z: -139.65765633782823
    yaw: 351.59796
    pitch: 18.450062
  ender:
    world: DIM1
    x: 9.062535439664352
    y: 66.0
    z: -22.299838142349078
    yaw: 215.3396
    pitch: 28.35002
logoutlocation:
  world: Universe
  x: -281.4322205930015
  y: 58.0
  z: -140.8162263706283
  yaw: -183.45508
  pitch: 5.3999877
