geolocation: Portugal
uuid: cd37089d-0990-4d13-a252-c364ba0fee6a
timestamps:
  login: 1544556702585
  lastteleport: 1544564103896
  logout: 1544564560498
ipAddress: 188.250.28.161
lastlocation:
  world: Universe
  x: -276.58386385931846
  y: 58.0
  z: -131.2828528043862
  yaw: 334.34793
  pitch: 8.850062
money: '323.25'
homes:
  home:
    world: Universe
    x: -282.048108035202
    y: 67.0
    z: -135.52783618108285
    yaw: -176.55188
    pitch: 19.200037
  test:
    world: Universe
    x: -276.1352132153276
    y: 58.0
    z: -139.65765633782823
    yaw: 351.59796
    pitch: 18.450062
logoutlocation:
  world: Universe
  x: -281.67427900208133
  y: 67.0
  z: -134.90579942871466
  yaw: -184.50336
  pitch: 4.050063
