geolocation: Portugal
uuid: cd37089d-0990-4d13-a252-c364ba0fee6a
timestamps:
  login: 1544223273578
  lastteleport: 1544230347394
  logout: 1544218858930
ipAddress: 188.250.28.161
lastlocation:
  world: Universe
  x: -1247.970684174108
  y: 67.0
  z: 1053.870712087063
  yaw: -123.54266
  pitch: 17.075289
money: '344.25'
homes:
  home:
    world: Universe
    x: -280.0225619028108
    y: 67.0
    z: -136.56598649066606
    yaw: -176.10193
    pitch: 7.650032
logoutlocation:
  world: Universe
  x: -275.48134123257654
  y: 67.0
  z: -138.20582278051052
  yaw: -265.50168
  pitch: 6.3
