geolocation: Portugal
uuid: cd37089d-0990-4d13-a252-c364ba0fee6a
timestamps:
  login: 1544398724445
  lastteleport: 1544399064037
  logout: 1544399324071
ipAddress: 188.250.28.161
lastlocation:
  world: Universe
  x: -271.0679974134217
  y: 67.0
  z: -134.6288635548303
  yaw: -181.80182
  pitch: 8.100044
money: '323.25'
homes:
  home:
    world: Universe
    x: -280.0225619028108
    y: 67.0
    z: -136.56598649066606
    yaw: -176.10193
    pitch: 7.650032
logoutlocation:
  world: Universe
  x: -274.5257212765351
  y: 67.0
  z: -138.46109498228142
  yaw: -87.75159
  pitch: 34.350044
