geolocation: Portugal
uuid: cd37089d-0990-4d13-a252-c364ba0fee6a
timestamps:
  login: 1544297716541
  lastteleport: 1544301669659
  logout: 1544301680958
ipAddress: 188.250.28.161
lastlocation:
  world: Universe
  x: -278.7939173044907
  y: 67.0
  z: -137.1048673590114
  yaw: -100.80194
  pitch: 30.450031
money: '323.25'
homes:
  home:
    world: Universe
    x: -280.0225619028108
    y: 67.0
    z: -136.56598649066606
    yaw: -176.10193
    pitch: 7.650032
logoutlocation:
  world: Universe
  x: -211.45124563850612
  y: 9.0
  z: -136.48397019174845
  yaw: -47.251198
  pitch: 19.200012
