geolocation: Portugal
uuid: cd37089d-0990-4d13-a252-c364ba0fee6a
timestamps:
  login: 1544223273578
  lastteleport: 1544232662542
  logout: 1544232697477
ipAddress: 188.250.28.161
lastlocation:
  world: Universe
  x: -1030.5585092500678
  y: 63.0
  z: -747.3009906805308
  yaw: -156.75165
  pitch: 23.550098
money: '337.25'
homes:
  home:
    world: Universe
    x: -280.0225619028108
    y: 67.0
    z: -136.56598649066606
    yaw: -176.10193
    pitch: 7.650032
logoutlocation:
  world: Universe
  x: -279.4833919698341
  y: 67.0
  z: -137.7919560852788
  yaw: -0.0017700195
  pitch: 6.000042
