uuid: e9893eaa-6432-447d-97d4-e61369479971
timestamps:
  login: 1543949513844
  logout: 1543949628370
  lastteleport: 1543949624880
  kits:
    dtools: 1543893666463
    tools: 1543894495671
ipAddress: 75.129.254.61
logoutlocation:
  world: Universe
  x: -1287.5
  y: 71.0
  z: 1083.5
  yaw: -177.6927
  pitch: 10.775291
lastlocation:
  world: Universe
  x: -572.5
  y: 91.0
  z: -216.5
  yaw: -208.499
  pitch: 78.15005
geolocation: United States
afk: false
money: '6.0'
homes:
  home:
    world: Universe
    x: -470.5
    y: 78.0
    z: -369.5
    yaw: -25.799255
    pitch: 12.300061
  wood:
    world: Universe
    x: -235.5116918817101
    y: 67.78608123157454
    z: -163.69999998807907
    yaw: -22.200048
    pitch: 28.650011
  ship:
    world: Universe
    x: -571.3499367131926
    y: 153.0
    z: -216.4942610491376
    yaw: 91.35093
    pitch: 90.0
