uuid: e9893eaa-6432-447d-97d4-e61369479971
timestamps:
  login: 1544562913148
  logout: 1544564590545
  lastteleport: 1544564493986
  kits:
    dtools: 1543893666463
    tools: 1543894495671
ipAddress: 75.129.254.61
logoutlocation:
  world: Universe
  x: -1631.2025789814982
  y: 63.0
  z: 1572.750956896896
  yaw: 94.10619
  pitch: -15.449985
lastlocation:
  world: Universe
  x: -788.2440183735913
  y: 237.0
  z: 1123.529912615024
  yaw: -113.943665
  pitch: 3.1500058
geolocation: United States
afk: false
money: '4.0'
homes:
  home:
    world: Universe
    x: -470.5
    y: 78.0
    z: -369.5
    yaw: -25.799255
    pitch: 12.300061
  load:
    world: Universe
    x: -485.08560574100943
    y: 84.0
    z: -440.5043135037602
    yaw: -271.94934
    pitch: 5.250038
  ship:
    world: solarSystem
    x: -40813.10309210974
    y: 122.5
    z: 31097.689129458595
    yaw: -95.01965
    pitch: 9.300031
  homename:
    world: Universe
    x: -789.5602479957548
    y: 237.0
    z: 1122.5855627928909
    yaw: -87.24365
    pitch: 7.8000045
