uuid: e9893eaa-6432-447d-97d4-e61369479971
timestamps:
  login: 1543812260862
  logout: 1543812352276
  lastteleport: 1543735742729
ipAddress: 75.129.254.61
logoutlocation:
  world: Universe
  x: 2.1353543590419126
  y: 66.0
  z: -21.28824321422791
  yaw: 203.54988
  pitch: 13.049996
lastlocation:
  world: Universe
  x: -28.62942445258785
  y: 64.0
  z: -72.22226587975447
  yaw: -281.99908
  pitch: 10.949998
geolocation: N/A
