uuid: e9893eaa-6432-447d-97d4-e61369479971
timestamps:
  login: 1543861850793
  logout: 1543861765796
  lastteleport: 1543860680821
ipAddress: 75.129.254.61
logoutlocation:
  world: Universe
  x: -240.23019882270893
  y: 76.0
  z: -335.69999998807907
  yaw: -214.8009
  pitch: 7.1999865
lastlocation:
  world: Universe
  x: -1278.0219582331677
  y: 70.0
  z: 1112.795102192437
  yaw: -1.442688
  pitch: 3.4499989
geolocation: United States
afk: false
money: '257.0'
