uuid: b9bded46-3f9b-38fa-87d0-cc4ab6b4077f
timestamps:
  login: 1543740940174
  logout: 1543741006845
  lastteleport: 1543735742729
ipAddress: 0:0:0:0:0:0:0:1
logoutlocation:
  world: world
  x: 317.5
  y: 64.0
  z: 370.5
  yaw: 0.0
  pitch: 0.0
lastlocation:
  world: world
  x: -244.8120055376914
  y: 75.0
  z: 258.6055941431042
  yaw: -9.299992
  pitch: 12.899997
geolocation: N/A
