uuid: e9893eaa-6432-447d-97d4-e61369479971
timestamps:
  login: 1543873242827
  logout: 1543870666217
  lastteleport: 1543872902234
ipAddress: 75.129.254.61
logoutlocation:
  world: Universe
  x: -1291.8881368762482
  y: 70.0
  z: 1105.943797898798
  yaw: -52.142822
  pitch: -0.32465798
lastlocation:
  world: Universe
  x: -1287.118575553798
  y: 71.5
  z: 1079.2378583590246
  yaw: -280.74323
  pitch: 12.275318
geolocation: United States
afk: false
money: '116.0'
