uuid: e9893eaa-6432-447d-97d4-e61369479971
timestamps:
  login: 1543904907401
  logout: 1543898320672
  lastteleport: 1543906188898
  kits:
    dtools: 1543893666463
    tools: 1543894495671
ipAddress: 75.129.254.61
logoutlocation:
  world: Universe
  x: -467.46425315108434
  y: 79.0
  z: -364.81945247629335
  yaw: -297.8997
  pitch: 4.2000103
lastlocation:
  world: Universe
  x: -1235.9694486708586
  y: 83.2567155998087
  z: 1164.276262852022
  yaw: -27.088623
  pitch: 20.975096
geolocation: United States
afk: false
money: '6.0'
homes:
  home:
    world: Universe
    x: -468.71682099451044
    y: 79.0
    z: -362.8234092911574
    yaw: -43.04933
    pitch: 8.400053
