uuid: e9893eaa-6432-447d-97d4-e61369479971
timestamps:
  login: 1544204405618
  logout: 1544120363041
  lastteleport: 1544116690446
  kits:
    dtools: 1543893666463
    tools: 1543894495671
ipAddress: 75.129.254.61
logoutlocation:
  world: Universe
  x: -471.30000001192093
  y: 86.0
  z: -476.6268142720276
  yaw: -271.19135
  pitch: 30.000042
lastlocation:
  world: Universe
  x: 304.7850226532018
  y: 86.61463400578373
  z: 509.94056804411287
  yaw: -224.97455
  pitch: 2.819695
geolocation: United States
afk: false
money: '4.0'
homes:
  home:
    world: Universe
    x: -470.5
    y: 78.0
    z: -369.5
    yaw: -25.799255
    pitch: 12.300061
  wood:
    world: Universe
    x: -235.5116918817101
    y: 67.78608123157454
    z: -163.69999998807907
    yaw: -22.200048
    pitch: 28.650011
  ship:
    world: Universe
    x: -575.6999999880791
    y: 148.0
    z: -199.30000001192093
    yaw: -350.6994
    pitch: 19.049913
