uuid: e9893eaa-6432-447d-97d4-e61369479971
timestamps:
  login: 1543735634965
  logout: 1543730641195
  lastteleport: 1543735742729
ipAddress: 127.0.0.1
logoutlocation:
  world: world
  x: -248.30000001192093
  y: 64.0
  z: 248.30000001192093
  yaw: -28.95001
  pitch: 4.9500003
lastlocation:
  world: world
  x: -244.8120055376914
  y: 75.0
  z: 258.6055941431042
  yaw: -9.299992
  pitch: 12.899997
