uuid: e9893eaa-6432-447d-97d4-e61369479971
timestamps:
  login: 1544048468980
  logout: 1544027135660
  lastteleport: 1544026700108
  kits:
    dtools: 1543893666463
    tools: 1543894495671
ipAddress: 75.129.254.61
logoutlocation:
  world: Universe
  x: -1286.572710180512
  y: 71.5
  z: 1079.2865201168336
  yaw: -5.4927053
  pitch: 17.825296
lastlocation:
  world: Universe
  x: -471.4969924402795
  y: 8.473929926316409
  z: -448.5030075597205
  yaw: -14.248322
  pitch: -7.649982
geolocation: United States
afk: false
money: '6.0'
homes:
  home:
    world: Universe
    x: -470.5
    y: 78.0
    z: -369.5
    yaw: -25.799255
    pitch: 12.300061
  wood:
    world: Universe
    x: -235.5116918817101
    y: 67.78608123157454
    z: -163.69999998807907
    yaw: -22.200048
    pitch: 28.650011
  ship:
    world: Universe
    x: -575.6999999880791
    y: 148.0
    z: -199.30000001192093
    yaw: -350.6994
    pitch: 19.049913
