uuid: e9893eaa-6432-447d-97d4-e61369479971
timestamps:
  login: 1543873242827
  logout: 1543877302790
  lastteleport: 1543876676783
ipAddress: 75.129.254.61
logoutlocation:
  world: Universe
  x: -470.532466697961
  y: 78.0
  z: -368.9166593195844
  yaw: -5.2495117
  pitch: -6.299946
lastlocation:
  world: Universe
  x: -426.8319648735303
  y: 79.0
  z: -351.1938871315948
  yaw: 8.098946
  pitch: 12.000007
geolocation: United States
afk: false
money: '6.0'
homes:
  home:
    world: Universe
    x: -468.71682099451044
    y: 79.0
    z: -362.8234092911574
    yaw: -43.04933
    pitch: 8.400053
