uuid: e9893eaa-6432-447d-97d4-e61369479971
timestamps:
  login: 1543961441936
  logout: 1543960255503
  lastteleport: 1543962741824
  kits:
    dtools: 1543893666463
    tools: 1543894495671
ipAddress: 75.129.254.61
logoutlocation:
  world: Universe
  x: -579.294665930327
  y: 89.0
  z: -216.79885063688755
  yaw: 3.1510925
  pitch: -72.44999
lastlocation:
  world: Universe
  x: -479.9466619679205
  y: 12.0
  z: -371.30683447094634
  yaw: -77.40015
  pitch: -33.89995
geolocation: United States
afk: false
money: '6.0'
homes:
  home:
    world: Universe
    x: -470.5
    y: 78.0
    z: -369.5
    yaw: -25.799255
    pitch: 12.300061
  wood:
    world: Universe
    x: -235.5116918817101
    y: 67.78608123157454
    z: -163.69999998807907
    yaw: -22.200048
    pitch: 28.650011
  ship:
    world: Universe
    x: -575.6999999880791
    y: 148.0
    z: -199.30000001192093
    yaw: -350.6994
    pitch: 19.049913
