uuid: e9893eaa-6432-447d-97d4-e61369479971
timestamps:
  login: 1543854012782
  logout: 1543856072787
  lastteleport: 1543856059746
ipAddress: 75.129.254.61
logoutlocation:
  world: Universe
  x: 0.8240019658739453
  y: 64.0
  z: -6.699999988079071
  yaw: -249.4545
  pitch: -32.09987
lastlocation:
  world: Universe
  x: -1372.1203014083437
  y: 73.0
  z: 1086.7427500676877
  yaw: -231.99426
  pitch: 3.544975
geolocation: N/A
afk: false
