uuid: e9893eaa-6432-447d-97d4-e61369479971
timestamps:
  login: 1543907047364
  logout: 1543898320672
  lastteleport: 1543907064568
  kits:
    dtools: 1543893666463
    tools: 1543894495671
ipAddress: 75.129.254.61
logoutlocation:
  world: Universe
  x: -467.46425315108434
  y: 79.0
  z: -364.81945247629335
  yaw: -297.8997
  pitch: 4.2000103
lastlocation:
  world: Universe
  x: -1286.572710180512
  y: 71.5
  z: 1079.2865201168336
  yaw: -1.4427063
  pitch: 17.525291
geolocation: United States
afk: false
money: '6.0'
homes:
  home:
    world: Universe
    x: -468.71682099451044
    y: 79.0
    z: -362.8234092911574
    yaw: -43.04933
    pitch: 8.400053
