uuid: e9893eaa-6432-447d-97d4-e61369479971
timestamps:
  login: 1544328965442
  logout: 1544258157159
  lastteleport: 1544250381906
  kits:
    dtools: 1543893666463
    tools: 1543894495671
ipAddress: 75.129.254.61
logoutlocation:
  world: Universe
  x: -450.9979130424521
  y: 122.0219469302369
  z: -410.96838249375986
  yaw: -131.35509
  pitch: 6.899952
lastlocation:
  world: Universe
  x: -468.95428352707444
  y: 87.0
  z: -413.5540065998652
  yaw: -118.28281
  pitch: 40.200092
geolocation: United States
afk: false
money: '4.0'
homes:
  home:
    world: Universe
    x: -470.5
    y: 78.0
    z: -369.5
    yaw: -25.799255
    pitch: 12.300061
  wood:
    world: Universe
    x: -235.5116918817101
    y: 67.78608123157454
    z: -163.69999998807907
    yaw: -22.200048
    pitch: 28.650011
  ship:
    world: Universe
    x: -575.6999999880791
    y: 148.0
    z: -199.30000001192093
    yaw: -350.6994
    pitch: 19.049913
  load:
    world: Universe
    x: -485.08560574100943
    y: 84.0
    z: -440.5043135037602
    yaw: -271.94934
    pitch: 5.250038
