uuid: e9893eaa-6432-447d-97d4-e61369479971
timestamps:
  login: 1543884938812
  logout: 1543887323242
  lastteleport: 1543876676783
ipAddress: 127.0.0.1
logoutlocation:
  world: world
  x: 758.8510560318027
  y: 70.0
  z: -227.72541120297097
  yaw: -338.54984
  pitch: -3.0000017
lastlocation:
  world: world
  x: 772.6277073035594
  y: 61.0
  z: -240.69999998807907
  yaw: 0.0
  pitch: 0.0
geolocation: N/A
afk: false
money: '6.0'
homes:
  home:
    world: Universe
    x: -468.71682099451044
    y: 79.0
    z: -362.8234092911574
    yaw: -43.04933
    pitch: 8.400053
