uuid: e9893eaa-6432-447d-97d4-e61369479971
timestamps:
  login: 1543813978104
  logout: 1543814106524
  lastteleport: 1543735742729
ipAddress: 75.129.254.61
logoutlocation:
  world: Universe
  x: 1.147126060331483
  y: 67.0
  z: -15.440200716943352
  yaw: -117.74989
  pitch: 5.8499956
lastlocation:
  world: Universe
  x: -28.62942445258785
  y: 64.0
  z: -72.22226587975447
  yaw: -281.99908
  pitch: 10.949998
geolocation: N/A
