uuid: e9893eaa-6432-447d-97d4-e61369479971
timestamps:
  login: 1544059960636
  logout: 1544060346915
  lastteleport: 1544059580998
  kits:
    dtools: 1543893666463
    tools: 1543894495671
ipAddress: 75.129.254.61
logoutlocation:
  world: Universe
  x: 302.34692161720636
  y: 83.0
  z: 522.7472598032709
  yaw: -340.32434
  pitch: 9.569691
lastlocation:
  world: Universe
  x: -1285.7362761427407
  y: 71.5
  z: 1080.0416814157234
  yaw: 23.157286
  pitch: 2.825299
geolocation: United States
afk: false
money: '4.0'
homes:
  home:
    world: Universe
    x: -470.5
    y: 78.0
    z: -369.5
    yaw: -25.799255
    pitch: 12.300061
  wood:
    world: Universe
    x: -235.5116918817101
    y: 67.78608123157454
    z: -163.69999998807907
    yaw: -22.200048
    pitch: 28.650011
  ship:
    world: Universe
    x: -575.6999999880791
    y: 148.0
    z: -199.30000001192093
    yaw: -350.6994
    pitch: 19.049913
