uuid: e9893eaa-6432-447d-97d4-e61369479971
timestamps:
  login: 1544552832563
  logout: 1544552861952
  lastteleport: 1544499521433
  kits:
    dtools: 1543893666463
    tools: 1543894495671
ipAddress: 75.129.254.61
logoutlocation:
  world: Universe
  x: -824.811570868693
  y: 27.0
  z: 1096.788359162086
  yaw: -161.13824
  pitch: -90.0
lastlocation:
  world: Universe
  x: -1286.572710180512
  y: 71.5
  z: 1079.2865201168336
  yaw: -0.2427063
  pitch: 15.725293
geolocation: United States
afk: false
money: '4.0'
homes:
  home:
    world: Universe
    x: -470.5
    y: 78.0
    z: -369.5
    yaw: -25.799255
    pitch: 12.300061
  load:
    world: Universe
    x: -485.08560574100943
    y: 84.0
    z: -440.5043135037602
    yaw: -271.94934
    pitch: 5.250038
  ship:
    world: solarSystem
    x: -40813.10309210974
    y: 122.5
    z: 31097.689129458595
    yaw: -95.01965
    pitch: 9.300031
