uuid: e9893eaa-6432-447d-97d4-e61369479971
timestamps:
  login: 1544204405618
  logout: 1544213222176
  lastteleport: 1544213187013
  kits:
    dtools: 1543893666463
    tools: 1543894495671
ipAddress: 75.129.254.61
logoutlocation:
  world: Universe
  x: -477.30000001192093
  y: 91.20000004768372
  z: -388.13751858216426
  yaw: -359.84943
  pitch: -16.049952
lastlocation:
  world: Universe
  x: -480.3464509222188
  y: 87.0
  z: -439.66977370509994
  yaw: -354.74292
  pitch: 2.0999632
geolocation: United States
afk: false
money: '4.0'
homes:
  home:
    world: Universe
    x: -470.5
    y: 78.0
    z: -369.5
    yaw: -25.799255
    pitch: 12.300061
  wood:
    world: Universe
    x: -235.5116918817101
    y: 67.78608123157454
    z: -163.69999998807907
    yaw: -22.200048
    pitch: 28.650011
  ship:
    world: Universe
    x: -575.6999999880791
    y: 148.0
    z: -199.30000001192093
    yaw: -350.6994
    pitch: 19.049913
