uuid: e9893eaa-6432-447d-97d4-e61369479971
timestamps:
  login: 1543870675509
  logout: 1543870666217
  lastteleport: 1543865511540
ipAddress: 75.129.254.61
logoutlocation:
  world: Universe
  x: -1291.8881368762482
  y: 70.0
  z: 1105.943797898798
  yaw: -52.142822
  pitch: -0.32465798
lastlocation:
  world: Universe
  x: -1280.5
  y: 70.0
  z: 1086.5
  yaw: 0.0
  pitch: 0.0
geolocation: United States
afk: false
money: '116.0'
