geolocation: Netherlands
uuid: 4bccd8d3-4e53-4b31-9695-9124de8cc256
timestamps:
  login: 1544050481175
  kits:
    notch: 1543594105058
    dtools: 1543593423408
  lastteleport: 1544043082699
  logout: 1544054517960
ipAddress: 84.104.113.11
lastlocation:
  world: Universe
  x: -993.5145557218084
  y: 43.0
  z: -701.0440086173437
  yaw: 61.12676
  pitch: 36.149994
godmode: false
afk: false
logoutlocation:
  world: solarSystem
  x: -41035.00887528956
  y: 249.0
  z: 29289.915889802003
  yaw: 194.79147
  pitch: -0.14987868
homes:
  home:
    world: Universe
    x: -1030.3757066699309
    y: 63.0
    z: -755.6156175515791
    yaw: -0.36138916
    pitch: 5.9759088
  cave:
    world: Universe
    x: -952.8502025017484
    y: 15.0
    z: -760.2616122774607
    yaw: 72.49853
    pitch: 17.249958
