uuid: 169afb9d-ec46-4384-b0b0-b35a46af4887
timestamps:
  login: 1546279137894
  logout: 1546278639295
ipAddress: 90.140.228.41
geolocation: Lithuania
logoutlocation:
  world: Universe
  x: -1292.3263627884526
  y: 69.0
  z: 1073.8444126545767
  yaw: -12.663269
  pitch: 7.6959724
