spawns: 
  default: 
    world: Universe
    x: 0.8582845878768293
    y: 64.0
    z: 0.7999556208711589
    yaw: 152.55002
    pitch: 14.850002
